4 5
0.000000 0.000000
3.049610 0.645217
3.772265 0.940174
4.772265 0.940174
5.772266 0.940174
5.351953 0.000000
6.351953 0.000000
7.351953 0.000000
11.041406 0.000000
11.558984 0.000000
12.558984 0.000000
12.780470 0.000000
13.780470 0.000000
15.780470 0.000000
15.254687 0.000000
20.000000 0.000000
0.000000 0.000000
3.000000 0.000000
2.144922 0.000000
3.000000 0.000000
3.846876 0.018435
5.000000 0.000000
6.000000 0.000000
7.124218 0.000000
10.000000 0.000000
11.020703 0.000000
12.207031 0.055304
15.000000 0.000000
16.000000 0.000000
18.207029 0.000000
16.000000 0.000000
20.000000 0.000000
0.000000 0.000000
1.724609 0.000000
2.000000 0.000000
3.000000 0.000000
4.372656 0.000000
6.999999 0.000000
7.999999 0.000000
9.000000 0.000000
8.000000 0.000000
9.000000 0.000000
10.000000 0.000000
12.020703 0.000000
12.186329 0.000000
12.662500 0.018435
16.248440 0.000000
20.000000 0.000000
0.000000 0.000000
1.000000 0.000000
0.124219 0.000000
3.000000 0.000000
4.000000 0.000000
5.621094 0.000000
6.000000 0.000000
7.000000 0.000000
6.000000 0.000000
7.000000 0.000000
8.000000 0.000000
11.000000 0.000000
12.000000 0.000000
12.289844 0.000000
12.998048 0.000000
20.000000 0.000000
